716787
722885
772079
688050
847134
294508
262175
696926
008158
618712
204695
863202
145550
400595
821230
782753
280919
405625
075163
647632
260549
066079
561988
162910
064979
310930
748696
554540
828146
366165
000354
633109
896903
188562
339991
576890
572854
787261
669351
095370
379695
629008
694681
067210
936503
819659
946303
066700
222410
036204
222098
971607
158715
727875
423091
331117
415448
383927
166396
967356
589959
017570
453945
779810
080731
393147
418792
976017
490366
148546
993914
508209
081722
682335
665750
081055
460202
040347
813108
705613
521576
847586
231358
065206
478194
231705
291280
971127
350706
885045
546272
345690
792353
939644
561059
076577
261378
142677
393338
184240
313200
705825
306090
940060
641596
036686
723664
850041
847102
246633
559402
358712
141942
447036
110654
250788
388226
193505
674744
019500
704949
707280
996506
861463
142389
215469
259779
019740
895058
801826
482568
426151
422836
591916
759911
232250
996662
915534
333586
162607
751158
057672
705031
502563
327305
206017
148615
234971
162727
076383
445455
740887
428604
340985
320940
433043
217394
657002
503626
187058
480975
399482
522407
174172
385412
865055
141053
537719
746103
030630
239083
474254
033865
603045
170551
216344
560221
848049
484071
522151
071270
680544
422734
178953
751671
288054
264641
327494
088885
463160
549840
342217
199207
611970
300501
787380
741423
066413
990960
915961
184558
963703
523169
052623
315661
918852
520238
176832
383530
959329
794817
420602
800429
706520
581071
926955
470969
069332
940159
779429
026904
941798
660772
596353
879681
921606
949647
012065
479869
240057
664049
210828
110099
182413
268553
870622
478471
003967
597053
777837
735884
233129
432916
714979
769053
613340
764400
180779
996229
683219
260501
615473
284404
250834
465060
392109
348027
737643
597754
470597
216345
361371
236362
278002
793710
324566
748527
632483
866408
171193
980453
745085
572924
682590
069657
388106
180206
545962
680240
481142
336524
211943
995810
219797
205497
595046
811806
827905
188894
974968
818796
624135
429300
885427
585520
827337
812294
197360
130159
775634
869418
187099
697291
330529
917509
170639
997005
123959
163722
519526
908307
766620
101402
874599
602821
797512
235098
290061
309957
221497
906726
208569
288002
899939
769816
327441
845504
501068
089979
004168
986997
820473
814780
714276
451793
783359
641178
221549
835823
423999
418465
358097
234822
566178
452788
219096
091923
602557
794352
220145
172669
491966
338077
032688
236887
762026
955371
149950
800733
382423
313198
626883
127190
229058
669515
334453
788498
614703
067274
101024
785170
194223
195005
610552
955398
142755
483588
295544
107526
970600
750803
996512
144985
705748
377661
681943
617896
903758
284118
794200
511762
647135
201594
979566
028694
712315
619316
418305
161644
990969
850044
187837
163810
739864
507535
583663
692015
186443
223340
410021
425321
734204
779961
753385
440150
182079
367695
922982
405740
405852
874245
478073
355744
312951
425762
258932
315131
541865
544880
277947
946223
631755
711427
085678
600568
949239
699740
532377
524338
254198
607662
442139
976420
317059
961039
303695
086092
520502
714413
199360
752867
873386
799145
124515
054968
352526
410102
933253
937521
390612
079067
594435
757190
955923
073689
155713
378758
818229
689889
114373
001521
134035
462819
330688
644480
992725
350324
870157
042443
243581
797848
507040
273860
602623
043162
832775
904891
149709
203129
196133
641146
997220
277349
344114
164395
000065
641585
271175
147537
314831
485370
583410
831822
387469
811673
152940
433647
956005
960270
448470
798556
633607
382157
190952
457413
922942
366009
143143
272101
297984
217698
648982
269219
896051
672992
936606
210676
563099
617502
534369
978680
695620
568680
526313
047989
600182
405573
954285
006531
934040
930241
667772
126888
229216
280012
867404
466461
292708
318544
210006
246083
014987
785535
805025
027778
708417
814921
637866
369958
435441
723714
686465
365976
916455
004581
949632
819122
644531
984502
538064
770468
225151
679375
031767
110886
301278
066224
258551
618374
375027
197596
051203
744909
079197
132541
398764
538456
164327
717426
860245
962367
380165
750762
360037
038685
576443
631053
212653
465223
658425
443231
688563
966284
799814
793337
460806
737750
581553
079055
226402
063638
623621
274681
879282
530383
793726
222823
179922
852111
426437
453950
204168
631832
320061
190586
889420
456480
831199
365626
953848
785397
782056
160604
478938
123239
248855
979513
404213
064070
767756
357494
725368
953586
209286
428612
003246
109268
610805
415015
493078
538101
662267
686894
465457
391231
171451
905761
822029
795591
926306
920013
805245
377050
761948
599087
172270
785437
690965
364427
355319
648650
769314
192464
894808
343690
175030
126367
035550
684035
311201
706574
652022
222816
307617
063454
263202
096981
870168
612476
197181
331348
268750
848506
363079
684199
741007
710222
444058
591986
755059
365771
133277
364432
366448
110406
881001
771836
043872
990373
594466
413402
214458
248901
585296
900370
711550
849502
367644
315505
449112
857039
959500
720742
492631
289127
149375
567033
582914
953525
135747
923609
536405
752234
081745
784610
459833
071493
419413
944489
736237
430110
710526
640606
553544
243655
398379
648569
696610
345055
950375
777242
733050
403558
702763
376308
049662
478856
216895
261980
965846
176001
837543
441293
995360
413110
395778
659098
043281
310702
576232
929674
935945
220348
833228
461917
151833
903997
454885
877621
291374
210277
248712
352780
424449
406799
471477
378590
150359
648183
438316
292212
833461
677833
546208
692847
459333
424295
618020
641980
073378
997536
285532
068797
699189
171666
124161
332037
885557
797390
222703
581810
261878
924472
885178
812859
611830
311941
857604
424197
614278
775536
776398
877104
162597
416036
550987
036624
010768
150387
865698
291344
749419
451708
361178
844590
785984
628007
945377
368567
110772
254377
132349
604188
776033
680757
952615
704164
369502
729184
662478
012495
972722
103132
538703
178754
386384
412726
975276
400045
017892
270729
455563
764846
101506
204644
630178
057371
702899
990645
481050
625717
051853
171628
648461
788819
901525
807341
805669
890955
662052
618706
036944
420461
356285
442220
897750
345885
598593
674852
643945
599333
407061
048610
897051
077732
284409
644980
907820
792514
371875
703914
905360
216371
659587
794152
371427
419393
312778
733472
992972
150490
192823
095210
921829
905304
120860
945190
992525
069129
660222
526607
930364
776140
279361
639784
540549
079184
638809
937873
671975
039168
221567
460363
095441
823645
042803
161020
976897
513339
214456
052935
139248
636246
896743
787148
160400
793882
114428
477437
784719
260200
328095
275680
752432
047595
803466
843739
274124
736134
902536
955372
229537
561369
675310
965504
004823
979346
607013
779109
050606
980503
433618
633885
333266
157121
309221
152613
883888
977772
132183
599132
747921
077090
341656
208658
721535
338199
917988
316480
416897
435865
153489
220706
271260
115397
186088
459030
626325
696542
063629
597235
352811
390714
912609
243986
542301
105907
461583
326665
380891
267405
228027
351311
625659
081658
617442
156889
592024
247593
058036
244597
571338
841312
295996
318921
138214
734365
823600
944822
694933
206867
410452
011084
454591
266796
166247
779268
882343
393752
573171
847149
057769
544525
163198
120877
628996
426497
598494
157251
862612
589932
593829
066296
139221
383054
232546
502868
442546
064247
094744
599784
678093
030367
334023
327876
389466
489267
105155
797565
517567
027922
651057
580026
233598
933108
382707
992052
902995
654080
848572
513141
315936
437644
861448
814260
617678
523836
423323
407578
783698
326739
412682
969152
055697
718372
975736
880617
769671
525504
624836
153180
668110
793068
609764
045100
566345
832550
338054
888221
751587
213728
947484
367236
486626
832202
201000
524831
839347
712352
239962
715385
534553
017709
641779
348473
227857
584744
826775
974122
683109
049227
640410
592188
491138
978358
946426
969586
805028
360825
048674
590870
749019
337236
478487
930974
178646
123007
269243
191493
386535
330938
620754
239430
066461
636001
849316
651909
811098
361439
867717
936192
464118
061635
466376
311693
316151
718087
522568
188159
886732
450266
115420
479679
925519
746389
604727
326390
401623
037228
689427
232641
982321
345262
895229
362294
809807
267240
050034
856571
278008
577657
836257
891259
219586
838508
757583
678658
361607
863741
791566
364134
778735
541064
471133
353708
708593
607331
307214
837357
792084
504654
839337
771931
051045
625341
316778
854787
748338
233158
788337
498173
305221
300571
862409
730074
530114
012963
208651
764330
196769
919536
952395
635177
357666
111140
887193
173527
824596
841267
779434
128553
624751
136757
758630
609254
832858
784762
376113
981845
789368
019557
242829
255494
035277
206777
357196
234091
635692
283057
197254
136023
335668
748149
688125
473526
361942
695811
583132
825648
638378
676955
643428
199988
166639
372642
684499
548222
818952
055923
413955
350527
649388
605328
913592
723350
294246
486225
080236
951156
953156
818120
187180
597093
352085
614152
905547
548273
405343
983399
382640
231861
098439
026774
900318
113727
922329
779159
853703
669914
125633
647636
985542
950442
911668
325421
552226
908246
795525
801044
000797
615549
225664
385041
891668
961502
996884
274407
630763
482527
066453
573497
713109
868032
921456
286096
740541
808212
399380
989479
990655
407881
860477
523282
784411
297436
360998
028169
254364
542631
169384
592058
329973
708629
882925
070957
115261
493758
749096
634859
614976
252796
988251
536646
377314
476323
681780
948560
085251
654366
548966
854066
139921
499335
493206
434972
288723
169513
527300
345819
242383
614699
041375
584633
235606
690098
047282
542660
568829
218005
522931
327387
329694
623181
302809
795192
105781
210471
169027
702396
842026
308833
718445
437657
253172
969546
810096
720140
461943
349296
426257
473067
128487
646375
432216
009152
759035
206582
628311
723044
437621
624826
406798
647631
434961
779574
818582
623450
348039
573730
771050
662346
454199
635870
981790
960793
944227
651638
579391
650779
209850
057857
624176
054884
996011
177449
120107
057608
333113
185106
035603
500754
268323
034053
145196
611003
482713
352519
584418
759600
640328
325123
465888
029768
245499
906072
130501
251342
370430
949914
238980
282833
248946
080191
883236
007358
179591
945918
447398
684504
272387
405876
759382
018626
691139
046523
443076
045464
541014
475459
052487
668398
482647
537027
904128
487742
837301
538295
722924
630265
778419
337777
133122
239498
804891
380709
828319
738942
516642
094773
751355
132893
957600
470613
377826
714518
766225
420613
103868
915500
021416
068159
421756
084725
999350
508569
554753
911384
539861
637348
326373
041461
210717
962791
203947
754618
220357
217263
309725
452917
743895
452186
497745
897809
772990
081298
987624
486639
013360
745431
118499
471145
597097
231045
310452
734574
768831
711088
220189
462719
370619
687903
155010
685470
649958
786953
900785
132082
530317
557472
578160
698127
510103
331849
491157
542907
104067
838697
012699
366411
905660
593255
912718
301921
803634
602082
685390
439176
215538
294626
523445
730667
166996
228459
588398
533893
326213
479039
582618
810879
420906
522531
560958
567911
358464
682333
092443
389365
513348
697384
738013
669979
851624
658925
343146
340730
372657
671838
545799
943727
420128
417823
398355
330838
473074
738151
811613
005461
787894
924343
817191
072846
779858
865230
291680
446706
468245
857696
352020
447855
465606
797603
232266
768727
704561
333137
579470
608902
700804
640002
078878
852111
871883
464913
287445
051101
618014
669211
639489
144225
409436
357788
243024
512630
315033
286386
273620
625466
315227
049545
834326
651562
370019
376307
590232
921666
592659
964452
649844
874790
343625
867647
017587
058926
736177
779735
000577
041958
740532
987621
319301
258378
276812
072083
850243
066463
474924
353855
170244
992971
177873
161652
165948
777884
434810
880733
794227
254101
993238
816884
772288
971778
461038
460006
581962
479080
257475
344944
691722
260453
043731
815455
921987
942488
317537
327550
246831
439554
345306
352549
897317
752963
670150
505524
821056
215981
016994
721698
656853
907133
863389
942700
993146
331837
255919
775930
413206
042575
623462
048309
860891
177410
365521
751546
449411
147255
779656
830224
719931
290940
447909
474731
072404
714278
774900
537647
410320
510446
105841
131502
475440
571645
839578
759781
273372
603298
003417
513002
656264
832808
045830
716787
693340
097483
268995
849301
729234
479798
167542
035985
059025
917835
871594
336393
895521
481327
200501
399744
066590
713001
009982
068207
425070
436389
959623
060960
251328
308423
894475
787979
895524
993739
275446
162284
654630
803004
155442
074852
553482
813635
665589
669969
911415
506380
649234
198315
067316
919670
254141
401193
491841
652173
171944
842604
375990
435251
432630
573396
895122
977289
682034
504645
928989
654996
029322
254783
799256
333891
524689
496201
484323
960152
426934
378764
829987
395455
736769
296508
626863
845011
410817
241126
734165
234907
599302
847910
804288
479496
735186
642537
054991
532061
618395
327292
813635
729024
426199
468558
365834
248115
609028
263627
226510
524663
889821
883383
587141
210485
629065
955358
184394
347023
076026
197361
482454
736451
238103
866987
067084
760464
307464
342133
253255
638633
236498
126273
724798
101391
055443
745113
532222
501765
818352
498255
756896
575654
390011
616315
004644
127363
375424
891880
038226
693489
464612
003328
763736
581099
340817
930307
707836
483753
877790
885485
020616
888303
641639
151551
866082
040253
542079
832003
801103
090090
469209
239467
110629
829747
721054
980599
786153
492490
773670
202816
158790
440742
160554
449194
609893
349984
104948
910582
624227
517306
431811
385925
134437
512094
777409
436122
915334
769402
135931
292411
969658
510292
643172
498153
514725
299423
006364
379261
999243
253811
878687
136767
604744
632437
126256
403740
767503
683787
596802
098745
816693
497184
332971
598903
731462
026698
681041
781047
856487
947291
915622
288195
242564
110421
133105
205586
795647
471900
597310
781203
348852
706058
399419
672358
202907
961165
947081
174174
370007
298893
503228
659644
128589
237130
955669
705461
265241
862580
435396
751091
376199
653165
479270
653552
076698
640265
576089
661014
551813
598761
837286
988881
378829
896227
447142
244521
343406
266650
596791
596418
256360
491011
970576
805031
723416
251846
613062
196176
497631
916510
115379
536856
713960
110800
275156
587803
129156
261856
105106
496753
347402
875694
607870
123947
320199
960166
528229
185698
056797
915192
201279
464422
597454
613715
845712
022792
537205
642114
225103
228982
495308
660104
490774
138471
678178
403321
600856
573617
547191
570496
764210
511367
252080
923574
844290
362405
146766
664824
846670
860498
025960
325297
388178
568917
449773
985985
365405
672722
836793
336144
002487
332535
053063
451628
638546
630846
474506
621278
836018
615460
197432
977927
883921
428499
646667
257356
485670
419550
506749
910640
423815
542018
299749
359321
097137
882659
977115
032755
137480
251451
171643
808233
723440
176012
272566
464595
472529
696463
355893
329762
969960
702939
457614
998178
099239
572079
117610
815484
983663
590331
358626
291891
982263
683776
666409
737651
431531
865143
370094
346046
076707
295711
476745
878022
135815
755692
271093
373920
886664
346103
304698
977637
653881
650063
415824
137305
624828
604008
874907
156838
882273
044026
216633
824129
209767
620696
365147
619392
806732
329038
120208
739815
797843
912548
264615
453800
600839
802163
415740
396878
307110
017511
035994
721442
862930
974003
208463
483798
865988
701646
409916
361481
758732
818086
377625
764203
705572
722841
323061
552721
534701
397410
795599
833884
757338
975720
705946
251701
638046
794665
606385
654833
571335
562031
697844
647498
194602
493081
375274
641961
443071
193439
677540
973281
418479
960478
931677
428643
756717
396656
737259
499965
466977
552532
120398
898007
536428
055515
629028
970245
575457
464296
863305
650039
638633
090861
794971
107570
019314
475508
069414
832885
299630
835066
895741
288598
929563
926246
938301
389361
248859
792979
027851
902952
447763
447157
617157
168696
704252
361824
449125
621313
675943
025837
743214
988637
076446
194643
172942
995396
340210
221687
682371
585458
350557
729420
303018
963102
870078
627774
329034
180922
614347
231500
082008
227214
294219
547421
123941
441945
124402
173083
154149
665654
490504
279838
898403
027793
963537
218023
043029
911441
458474
549533
900628
952368
663391
615185
797306
617513
209104
421751
713703
495998
976567
234463
385104
284644
214493
973526
535603
412474
320197
287245
432983
423490
726051
002869
829777
134589
334854
699746
359001
852521
803970
964409
674739
572469
914289
784229
734945
253654
941749
754942
974648
016445
246010
171611
825345
920003
308231
667127
462058
161381
279690
127627
730689
178890
594945
440019
702417
671785
404007
879438
712060
843228
725152
411762
889224
754944
844446
440846
386222
953169
849778
360342
303472
748326
839321
523119
858286
908303
563641
777956
294717
448972
214404
245773
772893
812789
692551
902737
896582
911071
181001
055542
179440
553124
783927
401821
041870
258192
486368
835785
796624
959944
584757
908124
315216
200634
241493
741397
395663
947762
512519
087665
088366
501349
088871
141644
359529
891646
919405
484717
157380
792849
769119
622683
770874
140682
511902
053849
026792
830490
739600
908704
687958
369045
156842
306004
097778
026348
136868
462566
616950
747910
934857
661179
083737
388951
204560
685711
117039
832418
152800
506887
927325
705413
727308
509234
654960
404853
222275
092769
221276
855222
142287
987730
308012
751603
742896
683965
003636
305483
246933
174411
226479
526551
849652
276272
058938
997285
298262
221771
417505
769340
763169
312942
239604
299019
990218
533974
187550
955716
967528
014259
857434
565152
472372
229318
001522
050490
922947
856197
579581
867318
291341
999338
603684
135706
032743
303207
373594
099491
365081
362441
787599
634274
295258
346904
276907
021163
281403
767138
660873
575025
981436
948581
213594
825057
441973
175745
609811
730084
854741
996170
627413
749689
196137
192970
042740
369517
483545
171670
468758
460583
906015
673208
986558
025638
414721
776024
006263
283907
457249
337866
569223
787997
608322
326749
035516
076149
344407
935026
376239
436473
568361
142101
018098
018541
868000
313606
069138
278693
355469
751112
001725
952008
973120
446311
865609
754972
788784
158421
903676
386730
396076
881925
988880
542761
481707
265450
646956
659795
606866
637400
969962
909823
326869
373477
099744
345739
333826
636085
057502
758570
280574
711932
090288
637203
058800
945221
985281
713637
335001
578431
016163
370205
753412
636830
277504
312928
711753
186433
221559
161544
349651
301687
847758
546905
573302
100448
202981
156884
132259
947684
337732
210828
439472
249326
467146
196232
545741
211144
446808
845299
326390
323818
826382
381854
501960
316912
456909
290314
017316
680449
687170
820000
214425
606479
357889
936825
261231
081584
011950
216273
130486
880946
434599
981287
535435
012541
944205
189178
708336
764900
545024
557223
692089
339643
712303
028051
342173
579254
387731
114093
870059
595614
119461
174490
217293
297346
551564
620677
946954
529733
231415
411546
069178
198271
782149
658135
353668
777872
488114
288168
207304
824363
135160
521214
357861
569537
099077
533999
213231
735412
665721
745138
624907
259823
442682
029625
325854
166167
000152
083268
137264
183682
585356
138773
401323
660984
884213
025674
426001
521427
137349
974930
821364
275192
696253
559907
179484
071875
767948
157718
934161
880935
447616
084036
791621
441782
477262
774514
325583
873129
909105
225687
692046
581230
045126
646464
559571
821648
466407
206643
278677
273963
601795
465611
123643
297831
592470
105561
735196
573243
049370
605983
363015
500548
716925
887981
486509
998003
138953
265985
942794
145998
961386
834028
000358
822655
441855
470464
114030
358838
944175
745413
741263
564893
993573
210650
061321
085937
062534
504819
321266
482962
208168
386468
249445
761027
680876
418039
544558
066836
252863
706611
879240
262000
967347
160306
767713
093862
702911
124635
644548
421217
799915
995649
790878
734691
898053
523199
720375
999605
160120
327839
614583
805711
334908
937960
912762
482250
937805
264181
138584
934052
726038
344418
952378
672882
285881
909740
389145
424894
350943
630946
328239
106459
577087
999582
155102
429973
581407
188768
297520
902040
876951
759785
853048
947217
868564
479327
975127
996139
371182
488053
765446
803442
231255
373008
458725
727443
924868
231062
768389
053082
952060
971587
204161
753283
712111
205214
646173
966411
013246
077424
145108
076331
065547
804039
000891
390662
589519
476363
276739
228369
739306
293919
084907
178539
879490
651161
237220
056926
137871
144056
050372
955699
768405
353610
982174
914896
177417
349615
557026
171381
741304
232875
544511
527606
789804
896187
492961
135398
119655
990052
148406
808453
051901
461938
843242
161209
804867
791844
017774
926451
641678
078842
202612
342620
873946
910385
090530
887738
017180
674564
651271
820716
074197
875930
725534
473481
674855
291576
563641
690087
967004
278719
575981
290449
682420
125300
976689
352298
309879
077810
152292
488707
585374
779202
724237
324354
098966
688096
540349
275654
189024
124811
457312
612589
044451
128360
341562
680261
470478
331224
023461
772487
896272
951998
160266
905344
096850
657677
598967
916460
500484
066553
986712
792724
446164
383031
817428
658191
028598
879246
208733
772753
259910
473542
895993
617101
508978
694465
287429
750676
812066
425695
949040
242103
100388
850966
403351
520022
059944
970319
920270
421434
131399
700380
419066
115287
651700
305956
749160
306018
727305
281109
489445
342070
568197
507990
843148
673238
991642
600370
844865
344986
103566
096618
678100
563178
555527
797528
278138
371191
885973
571816
814795
455053
149350
425845
198168
656094
929929
809923
078921
356006
973882
328125
323289
829986
085827
062313
690896
026842
971451
683387
055559
195246
541811
506974
485648
548526
219929
483473
233789
525221
798278
097147
043410
128913
175123
927174
590028
259194
103823
623160
253442
769151
138779
550622
404440
442758
775631
951354
205306
567850
571268
596535
505988
869610
591278
212917
919768
332197
790029
883245
109170
120166
904130
428852
979301
290835
790653
526358
263076
389584
996355
470421
378816
551634
957588
090508
717087
058451
466531
476948
553042
291375
228261
228452
975668
930104
592352
782905
192420
846543
190674
254170
568707
424049
424748
583349
717955
598545
701079
482412
440616
160788
800709
547246
425872
567218
227916
515322
460527
833986
658227
624195
275019
619829
428447
223343
451517
598101
863958
738416
355980
742210
023055
011784
594476
255223
723509
529061
223405
220692
616136
065841
616481
141083
644135
878137
167408
841065
662668
043350
370925
244985
331404
689474
747158
459672
166786
888899
486013
205834
768616
291642
260384
267632
716940
447571
447032
879119
583867
127353
710700
740384
179334
906162
920285
230989
348719
776807
026286
800854
441021
213323
335426
538963
977653
326011
222556
173725
171988
562079
531999
682204
772088
207927
429081
444214
032781
094619
847698
534661
198188
275333
990740
960625
251666
131621
560606
448984
492426
358900
559591
200459
263492
737792
521837
171087
295318
965793
408747
394015
118494
124759
706178
846240
133949
270649
042391
022161
873885
611926
961588
595467
952092
115285
767815
883482
243248
408333
287438
640525
539336
906562
283168
163802
346902
906271
321352
184608
254879
490448
872913
634677
344806
929019
037887
128680
542186
103010
547373
662787
161705
880432
267215
462842
942741
048617
158293
693415
723566
637868
953439
274704
368979
002872
540149
784856
275031
496993
271552
662572
457072
526443
079232
190587
491331
767438
421258
523138
638326
966055
078906
560598
561447
831628
434982
116241
956919
958759
728170
607033
971957
367244
109447
883541
326271
865230
197459
611105
515153
464600
947298
298382
717822
499021
284217
160308
545286
584710
428193
626112
246393
966990
797086
872690
783101
562501
507243
645714
613973
494656
849694
567977
823344
162771
095693
019642
646611
277423
239475
719322
024209
263278
961764
438083
216463
020586
820424
226190
814521
330033
614932
847201
251777
550111
899907
192019
325137
232489
935063
391317
039182
516344
492547
498146
156133
968666
996345
115084
203529
224647
824707
946016
873455
627756
651553
269713
181366
942782
918293
661723
015522
607429
981990
792736
113837
835015
873146
401405
099229
634297
071619
528207
434486
667429
299847
840620
172498
573338
134107
666378
211263
194433
471889
573569
339838
782765
157302
249381
132500
090519
549033
501082
788485
395727
389895
226481
565129
637729
890755
914826
002348
848498
658055
253442
167757
979987
514786
208602
143923
440506
087997
537322
881808
545294
804884
323864
385113
691107
314705
494967
463301
837985
257871
859943
764874
505621
957264
465815
962086
933154
136215
261542
365852
492488
598992
785670
513419
738221
001306
034589
960942
162680
384359
181526
934772
421603
297774
704045
367657
814574
422219
991581
906097
409391
990673
855863
482867
430272
093790
038649
043112
775987
396792
953857
862786
230373
225963
329658
228065
220523
617360
630230
572873
486295
994458
575795
894054
758838
053795
555224
850770
975750
303824
126445
342000
522916
223901
350631
513091
555760
864296
266151
638087
395567
890350
068036
875425
081749
339608
956553
817595
130692
918052
362875
266858
868846
684503
863966
710667
335099
693493
715189
502557
236569
043031
608520
409592
931213
224962
621657
181198
122780
753060
353983
007439
340992
505983
130760
698689
327228
457115
776096
139707
534680
485374
051072
033394
261051
327168
283399
478956
915381
098298
428186
275333
159540
570652
797506
154985
844929
916732
836267
027886
770977
127576
321757
277402
804091
674510
282936
394778
530968
877343
590000
359801
963553
491972
357074
318050
841904
129608
291047
368163
586033
269961
442652
771306
391782
109402
183292
431899
448154
073734
016014
923293
257181
262517
595203
163217
002371
373096
105846
088664
501882
367738
670339
087016
677133
792873
008196
031188
585478
824242
204788
276440
640184
448675
898633
443234
204080
239545
998322
688863
471231
905839
423518
967143
083446
106174
989845
047822
480986
676693
942940
178079
689491
018917
513536
661620
068044
720459
315485
354956
741567
117257
348981
207862
957079
169757
254105
416074
251645
840100
264849
665429
231640
824183
561283
168019
701659
696692
487991
268837
121620
633499
884585
197722
629067
428238
502547
049034
256233
005332
909387
803493
700377
510881
832565
889086
274902
225966
374479
347171
269223
267967
526437
888840
283520
155759
668790
393769
506240
393350
037492
069855
800105
475959
899547
318967
336134
218519
299240
727043
466753
067274
169263
015073
590703
395942
147478
305125
057480
946621
305554
220262
751634
218091
390203
371407
594035
679955
479964
550138
353606
431643
075536
198751
262365
419234
653308
268136
251653
845341
900165
070848
406668
497701
290245
574743
677100
349552
776359
422991
537520
142323
789098
173315
502238
961210
662189
334634
159028
097776
532006
047748
503027
205491
808629
611213
422835
514187
516997
026032
347997
624179
923424
888481
286176
912423
825732
320746
939070
247618
245673
162114
908610
365832
447663
759127
961578
161933
093317
639907
462012
755200
973390
509241
913071
743278
204488
345036
714475
713122
409624
332629
506380
855301
479365
340591
931280
006601
927597
292406
275574
205799
466370
293159
747374
543318
009645
062846
122585
563819
039734
932937
727487
418928
349638
040024
443173
960490
777559
305093
643911
294150
558761
024742
538212
761706
747537
222448
145021
416179
867168
824331
720476
904130
216747
816498
879557
736312
681845
871225
714379
762992
497959
038868
896795
951059
506734
285866
106601
800332
287931
245265
556490
380114
930050
687283
507450
033591
030978
873879
448733
398037
848429
850313
896099
901521
622214
441637
817178
708125
068009
833030
276962
845678
858324
922003
206122
060480
404878
583433
828493
156292
447311
455556
706142
691562
305009
995854
227571
995151
454795
157849
482196
117732
882328
103947
328442
719898
176616
467448
038146
677603
145876
576939
384186
212028
335037
227028
939061
063831
770528
181748
873729
357955
767521
794188
973643
825107
981540
956208
593895
961251
436640
713867
891147
146160
864421
049232
503188
090622
604879
367176
051086
487601
937080
286835
006040
742927
780383
025662
293670
135926
735750
884858
710415
933270
642948
864903
765829
604390
985279
981664
911940
671552
280083
801995
203241
966391
131337
412267
064927
173185
998858
878530
088042
499913
528744
613484
096164
942903
508030
490904
421258
638156
846680
851582
212224
782208
206685
958029
257459
330592
643335
007771
027241
806570
702854
813717
700013
383170
005250
316777
921511
294770
364094
244151
945662
831854
420914
053939
231277
625481
897724
000993
792647
723255
513019
577036
183362
233911
566807
645751
572969
811943
620449
317606
840292
365059
276913
500055
485155
221993
444049
591310
783327
702154
377087
441197
578948
087795
067634
850641
572276
073897
944502
820667
997409
864260
335097
045373
957769
359233
365387
756591
572250
215186
857600
667774
662419
198097
721136
327473
621885
159789
942303
686223
918571
471015
471001
543330
294383
257753
072918
779279
161177
754440
020896
730287
235603
306327
088320
739276
940608
949153
341702
785417
655105
129429
841217
805022
765480
717453
972776
963414
351159
975189
014202
447089
032219
845352
787917
374231
485592
602984
045065
495558
619455
459702
912751
943134
687956
514935
154779
405053
069563
674519
444461
117834
911742
310922
558527
864176
219629
707437
974669
420701
520588
578377
257553
886136
737206
406762
946591
316673
236522
982313
403595
401267
966644
381012
730487
953901
007320
631272
481188
294730
466746
783212
184224
198790
250170
672644
829688
334943
119395
898384
524330
063599
923774
602778
568509
468718
717746
199976
243884
294377
122393
099050
060500
150775
996855
764652
103029
603572
051814
583772
871908
189641
663258
525414
679376
453831
224833
070684
949289
509201
334435
707877
115856
782932
909329
990522
998167
369735
180117
554218
440208
677029
962466
400364
349821
654775
470516
588013
279528
682171
152578
620161
217943
624658
592383
773219
138059
852191
612660
995947
027026
103323
023706
509224
160069
049133
919530
066188
907772
771275
252623
359010
577368
471483
298367
966123
611044
600914
779236
139682
198132
075394
643341
261183
660000
077502
053772
019333
987794
183619
692769
085302
383827
573512
464908
428097
383336
512898
995491
404091
094901
282161
800835
678790
126936
275904
413769
046029
730980
243384
314413
248090
873531
000984
490496
756756
849782
221579
572425
777215
654286
963371
432377
197496
041962
596266
917518
967990
454746
306397
536564
760043
522811
629334
948041
903382
695247
261203
741799
315891
675091
606930
392343
906641
346444
115754
670537
666647
878625
880217
189415
471216
705719
154584
938660
885789
781263
749548
591420
858471
403084
293561
724339
242145
411123
541066
849450
324593
129301
347182
580805
100888
193980
647030
178271
994791
990846
043558
562913
365889
300229
146795
349755
920013
377289
109134
886069
086722
685872
643796
802071
854623
101846
086452
834175
512391
404597
873505
256330
265812
718978
923983
024997
410914
897589
146082
917583
748850
198707
873824
218914
128452
857758
243438
489451
977436
573314
505406
979453
555289
511308
980068
772001
248882
155328
818633
813151
254791
609233
118087
476062
783360
490711
780961
131724
786245
073874
573533
895058
623972
030939
774235
021316
586180
713353
214457
707818
826100
104750
889268
667019
702503
984662
564046
703277
775257
033996
566751
785754
755649
484654
367819
708047
241077
366792
058507
834217
508088
819723
175286
040151
990078
225040
019778
620423
162807
118439
253687
876936
771131
828805
179869
364982
109100
638527
538929
225683
548852
311615
078369
558741
943633
536543
297277
618229
380788
433542
453331
889781
927137
525465
145765
149289
501006
447927
209349
345349
447067
362020
050330
491407
149689
145348
412933
319199
938312
639509
386787
715650
475641
038112
121610
794820
406275
349105
875368
459191
815131
674380
605908
391771
756856
865114
260253
211537
048174
960910
002421
737180
847623
589306
778154
011518
462447
654011
429560
456560
105702
031263
392386
758473
135367
829453
234404
175530
081234
894234
617042
538720
971372
386262
678323
424356
379095
100139
804121
228406
016911
202578
223829
658597
099682
520670
926890
449131
210076
696468
940851
176535
218659
878912
338720
318624
438956
330567
665269
706858
791108
928688
464926
445204
171041
259131
985662
509131
141729
950549
677705
397260
376171
879074
204754
502855
156172
800241
845467
224360
541913
010003
158380
717693
591018
042730
065808
994936
367777
071752
525015
153367
321721
013520
253588
128846
031978
122567
178795
308281
253313
593983
663400
084614
556922
431244
009812
830875
424192
648713
605134
921298
814402
351064
459880
311212
761497
160637
473132
540457
634548
242250
429640
660948
081549
216251
482196
810250
973361
654380
353796
291354
107234
910218
358269
638088
593827
719344
642014
656629
680751
344717
067500
131064
637628
284379
442566
446079
892266
817656
949223
634301
483658
734324
584617
743281
653451
841921
550894
529611
496204
655846
858332
235939
337437
636195
509466
525751
830223
679524
952020
070961
824332
060918
319390
224173
281620
665268
613760
586759
238070
193749
695233
015055
507372
159706
610815
353245
212658
384133
977639
316014
634179
446424
611069
838172
542584
593062
782157
998135
551144
744608
535818
705758
398874
819616
230572
864695
396353
397528
528969
133085
377974
984462
515415
449982
367037
243859
513300
385165
889501
211708
519995
549214
033605
708325
733567
655326
405637
663278
042991
548893
477063
133178
594228
389325
361791
206821
909581
752396
210480
992015
823768
864228
563691
291415
704168
011578
181886
673442
548299
535072
555690
566219
679042
116878
323012
142847
532990
339252
556761
230360
548519
910302
160391
469679
377654
018589
688639
199487
820064
034031
386514
186557
087263
661667
724741
025459
021020
296273
666267
622963
379313
461992
982642
044097
004461
663103
530494
046058
483666
807378
750026
941452
547832
749500
335775
753120
949390
212924
015548
619550
063167
586765
171751
694057
149989
124708
899677
067322
797727
822283
189077
502079
795621
112619
811353
279802
499428
977863
892927
758768
973722
318099
380558
463200
462250
428214
273716
835199
865645
957303
150612
825208
138234
645005
605184
663165
693241
410728
914827
611533
434230
731050
578521
757459
303320
827876
363257
883222
814754
053489
867595
744733
507688
975311
880418
963367
884650
916870
777954
226829
009889
600238
880441
129855
359206
482355
332186
705269
665591
802649
498441
608166
875175
927186
322249
897782
067824
322542
899265
171355
434542
483656
407853
838616
964646
739181
473018
010617
380315
969900
674930
611421
906894
519177
028199
802948
436611
845990
656263
111527
215745
656453
852499
050156
597722
946485
656560
337933
036986
488233
089819
033936
833017
076812
652577
232923
382955
282123
218420
702413
724751
085992
362325
712501
298970
658502
299476
198844
905173
206620
426302
162128
882459
409627
168964
026202
802599
071520
289219
525720
047895
024503
537570
929693
734066
360166
775748
216262
759052
886868
223672
263277
262215
489765
136476
323640
145685
163049
880929
536447
748469
717826
198631
513754
733385
938294
542189
218871
096816
711685
025770
076023
484379
381597
345002
256090
913224
819449
156832
229016
507779
995969
622586
064746
272352
748476
244836
059593
716114
928144
201573
743150
016900
065520
758113
097070
072594
961734
524014
510765
314177
207176
400094
636683
734174
010693
838938
290223
336611
238376
581597
412236
223334
925101
359210
865471
516121
050638
505907
085402
579923
765050
360179
570195
949795
950119
958408
579652
784561
213991
531667
212886
460042
734613
039696
501040
787830
409177
472306
172060
874579
401320
155555
634380
417905
594764
927213
089869
631600
418250
338656
718034
509304
432620
739800
667437
261023
150858
215291
293719
338374
588428
968034
699492
578131
178548
782341
725913
694124
058234
526684
666824
094698
248806
438720
042565
696863
888085
305039
114422
817088
256401
572390
023725
797718
496108
203457
617491
606186
416572
181527
561321
210766
216713
787282
344323
762353
901511
708127
580582
389837
151503
192678
685030
199883
045515
053845
667712
079472
752360
327106
849831
472999
285305
728741
966835
481798
908221
754885
450823
385944
932716
136293
512937
907273
792622
584710
145249
305491
172096
938585
940046
932028
590106
138353
807978
298226
294629
070810
417718
675393
583206
185477
444865
556389
493642
481317
939654
333305
202104
807656
755278
418419
350658
922736
620835
898260
985736
751626
281924
163903
090749
263380
746624
492477
435442
342971
288244
474836
750875
068317
782613
743444
764505
850414
762812
596911
783544
671891
044183
504425
112530
341604
354927
278341
333886
398136
487337
490074
353900
282474
141436
611922
552434
315460
303884
241003
807972
962326
130188
139681
974320
173209
532446
641784
231950
820571
647025
242232
482140
946128
111801
601308
633693
641610
637944
486097
666297
855824
126072
082079
593199
648195
477414
046911
292451
325989
952045
634893
583009
687723
788998
075969
234896
872535
240496
099512
123591
776453
422475
930500
095412
041571
674143
110187
360725
741641
156430
145629
906821
663491
279924
713252
330595
218992
859999
876960
691935
572057
608832
412037
434463
924249
365447
461178
648749
617136
029312
894909
314582
623945
710925
333066
775738
376453
059728
929805
203533
815525
411920
556268
108105
929768
051786
566996
801426
107145
251269
418709
934856
268754
099558
302841
047483
066023
966165
640838
381416
967892
511795
980770
185327
227089
401712
248652
025186
970015
025677
998445
286696
116603
444105
037773
073896
349014
100744
418828
908934
351478
360328
537442
870358
086854
176737
889270
086022
936505
400326
955082
813290
087308
967850
707782
847551
303277
276822
010083
312127
865384
729596
295879
796490
387091
825310
524569
937171
547640
607345
548025
638274
133149
224078
059774
950035
428778
875147
171671
015355
958627
294302
508643
944234
949337
137886
909779
348882
506875
267748
191510
209556
252632
315628
402432
652303
364081
464399
522065
408289
081176
601077
619113
564201
451974
024805
916778
524090
144501
414216
573662
995094
008774
889410
596512
308262
158471
785995
192445
365879
941258
719767
527773
232353
403881
645403
192626
544439
652750
278271
860423
621896
588659
892410
702466
359254
935957
902308
105680
836000
211608
437870
473755
315984
368220
461105
020373
028730
571617
462891
050260
825048
399286
096107
990670
634674
266463
324310
405067
174418
832513
681257
266973
431511
529062
785877
385681
259027
759178
896369
735071
745104
412803
393720
309570
032506
287421
612493
676372
101681
989778
492347
812624
732728
920936
894092
575129
404336
762251
204407
231462
082758
984794
933591
592897
562169
651037
066130
728686
217436
614725
481015
317161
777538
917968
399612
592612
236683
803401
409790
429902
477051
012851
730303
026967
852087
397426
441610
410940
582795
267818
641879
388718
917642
479066
789886
953325
785820
448180
864557
673662
523957
345356
755053
113304
001119
793346
518954
160209
956928
368670
287794
954873
313430
644995
314714
472039
794671
651686
061828
745106
325863
726368
478449
846806
931061
460980
565127
373709
199982
969151
223516
950520
934667
306559
409255
756734
854335
355511
259469
301093
630279
701006
990129
613267
570672
150978
204637
043849
858818
538881
520852
856052
523762
311117
037106
508170
810126
734762
283519
792610
390935
014062
858151
500630
288688
593321
643594
155384
696415
556299
157061
811042
039680
894277
903087
498888
148459
482052
398356
863575
409655
673442
897436
577989
397246
450135
270748
509100
489186
164399
381261
633470
490080
143356
855090
425374
211122
422600
274455
999751
884010
263001
782990
594739
322777
874218
908790
184417
622153
404814
468551
756234
039106
664869
119220
987021
490991
699856
566541
480148
873736
229893
453788
898993
403190
579079
159113
540472
357480
253523
823337
068193
892919
282519
291200
910271
574005
387951
663520
690777
603230
587377
905361
077468
754997
836523
817054
167902
686365
618175
310171
464264
621868
255578
657405
656205
506743
534861
747959
261459
221560
502951
261056
023127
634719
105019
326396
221131
244570
769534
690061
670512
361185
922636
940131
142073
012417
787053
807533
677930
357685
442941
917722
806391
160825
081064
973353
160316
864162
028951
473633
668020
994951
943678
653317
671040
462229
172405
803403
212381
567278
087368
690221
151208
306010
387937
187843
763941
264431
989763
105671
866600
911295
121013
880203
613160
172685
894583
342934
010196
198521
754315
861514
453519
371830
043399
232121
601811
633221
653372
684761
142374
385193
889620
784709
668167
320464
843929
428739
293409
532304
554633
663225
055213
460674
854867
196075
276711
319391
796146
623114
135245
352955
668324
204687
754689
472433
226944
700534
154263
767923
383789
661515
930319
491492
640785
401829
639566
248447
487068
142703
318473
566054
835930
813077
844346
948408
432516
405695
055424
317980
012076
710092
994521
801338
755815
820730
756789
520212
316615
155313
992748
405753
312675
910067
115764
868625
811376
174144
850366
549921
103368
245447
518330
758522
146658
689241
922912
683277
686098
317570
644845
390959
993080
496193
923282
517276
920468
033608
455030
541926
725874
220738
994366
130533
110107
673402
322823
595701
566215
746561
353279
083922
568037
777909
294311
976272
804186
763255
620696
871364
966693
632079
917836
724825
366581
937924
073221
754099
603658
119508
982886
681850
935958
712759
844124
082585
697874
441657
788145
846994
025886
716745
341812
753933
929600
928036
345429
197764
431296
607147
823747
345530
004987
121822
373887
370107
494484
029381
528014
236144
377408
880711
901048
587672
517962
457977
575835
688988
133899
059050
395076
827238
510333
611490
424845
103944
084823
948420
740061
241906
813375
656797
820145
275852
116453
347503
663240
040597
755106
999341
586740
368902
502279
735835
182898
322340
167067
765827
497943
030864
160110
073982
763528
788484
657545
031162
857106
692755
268756
773265
226686
102881
990983
466205
346581
951684
725963
998362
897550
208032
624923
292625
793846
824149
154758
411931
246690
146171
276956
072322
699406
523799
740121
291473
972801
839611
285543
558710
604687
996129
518269
215396
353917
542205
508425
762661
713718
816014
523145
322434
531056
016713
270884
353377
394795
667282
169442
596145
087401
003960
909008
259232
960727
449747
665348
580857
075491
803955
850543
188430
793034
203843
051309
936871
759525
760352
703879
428566
716253
363081
823513
534103
379953
143697
281856
849431
309443
253885
604175
980030
713882
754706
709069
121059
169726
941541
654744
638973
929189
832949
215482
302748
073855
189609
811428
578599
391447
654370
951320
621912
716042
200437
672753
367241
243560
682207
060319
993630
040969
363693
538010
008028
662858
818038
114134
638400
523274
609888
250965
753445
496547
772734
057288
712177
943605
789402
448844
245821
928036
442174
868960
483632
356627
295513
149024
129461
492423
020835
754047
091842
774679
172206
387916
411896
066098
916848
354165
407687
271145
264545
635928
433749
027909
257913
119859
821931
348868
975290
606202
319608
394321
042232
989998
480355
598043
074273
529952
759371
469455
012696
641506
003924
993369
518256
977865
148197
861470
995605
174868
010645
841945
404357
618818
126236
384582
287535
399872
207854
697552
640923
337609
098190
153919
590059
391396
467189
826557
785201
349202
508565
894421
155036
280061
277241
166969
473880
178165
109659
977300
645015
078699
459370
818278
452069
898240
658439
395647
207790
125318
512490
368199
514148
407170
361969
439776
282616
206608
830104
344659
581118
741320
152871
824605
042720
465292
546145
227804
008608
463416
548115
563956
138713
520796
915190
657419
610900
934094
897347
666947
199876
730860
226194
478617
675047
983136
813758
512479
726185
406021
252103
728057
201829
502001
236143
149864
481394
191761
481820
820515
183179
312476
947426
622179
735085
493210
907342
802929
271171
169858
673741
879157
985635
049836
731347
122269
119192
251929
041241
769483
151345
514580
498375
016389
102668
892943
866525
811637
454595
671217
496914
476810
258741
061143
385522
993148
796182
042688
830440
963665
869743
209686
433647
547491
810615
306103
697967
638234
112017
154464
413542
170652
089867
002423
937808
233234
663457
902511
654165
484086
937429
201754
298571
780869
915762
773459
632037
634015
409877
297719
418332
045471
651931
350246
667966
110639
900436
901088
635366
531017
000260
920764
138764
012014
679342
328631
091325
776363
956599
872765
853143
265903
580262
624518
950468
337585
493853
322944
912486
551922
996644
185108
612606
205005
035467
664969
580857
091928
784512
594701
863543
341831
211773
808206
247529
255035
750002
789794
312695
735735
916238
428364
504005
127063
817198
769814
830991
492866
813067
674099
183917
555475
209870
736146
143314
756366
507889
836306
988278
485421
016780
292250
542652
195215
882026
027082
654954
981500
234071
815107
060879
138665
429665
214024
645863
510627
782559
269748
021897
855808
945362
048707
798898
507377
607850
989402
623817
621403
975871
359891
352994
285808
214328
949897
145648
621119
477110
441688
870316
107942
506406
409628
324864
846286
528213
385309
152818
681475
409845
421834
807842
936824
881373
630326
946788
959341
911287
791156
393458
899521
685890
299155
404261
900562
257939
604936
822374
632501
865332
352256
643290
161762
564573
519110
322532
913401
446219
935760
792247
549838
228731
015069
109574
126281
930715
970730
514953
659216
560822
635277
432925
795265
657626
508978
413362
929162
324516
347089
922056
218666
459668
709373
954003
151849
503717
394208
822258
867981
148035
322222
683681
219094
501183
015344
475506
593387
125380
200417
539534
215915
874742
848082
863038
330635
924066
020264
083096
182137
872326
567485
268557
310698
017401
990205
439442
437098
748599
010635
626539
705206
956564
760113
780694
823818
129416
093282
846551
300106
134435
037045
384237
771624
401045
056157
874078
112303
956866
765629
831844
646820
639278
854869
690894
991026
272371
166575
944852
919153
619194
993482
844090
769847
800805
266372
993958
978357
078050
520739
358348
695653
401117
821084
684667
331974
679875
225238
681170
172364
382646
327540
500439
710832
285598
221109
779465
025109
300304
301059
170767
519221
682957
771580
103052
190407
323366
904213
188319
657270
518207
922247
759109
994953
654829
692693
013011
787624
965080
643669
325083
535807
856189
864950
286796
365694
537224
119345
775108
512577
019500
845108
879555
789848
266132
302320
430661
909426
228787
455302
994961
352833
504350
946202
300360
542289
469976
264373
706867
524315
258889
227028
327314
820786
948931
439332
742654
927678
826221
798209
023774
308197
820710
299044
888102
604412
631488
672997
758761
392620
480866
704878
349756
988619
931718
972749
733597
461193
315331
832101
761719
128988
006347
532073
907056
709532
900903
696258
659771
940502
176890
391754
294620
306757
290181
028099
269843
387551
288022
754252
201253
486845
982969
109960
658204
512815
543376
918335
638791
774474
368771
844803
735306
285577
706649
984271
566658
954296
524475
271502
751786
745571
979821
534688
592979
961123
779053
084762
368479
205991
170498
627793
019351
499751
405105
053793
411991
363446
756198
944575
218599
803623
998860
819078
030414
871596
465722
548924
380985
617692
933081
976373
031321
335117
072928
591696
937235
926128
674117
738640
304139
266214
441709
157700
891162
304460
740544
353521
007878
119772
284847
706402
160596
133108
858905
423429
911731
563974
473034
771147
498871
711310
027426
932709
842329
816539
825301
242929
943245
712037
644367
885486
823769
472396
082775
757083
254830
088260
744226
405086
496909
947520
214043
380931
143415
766535
027078
345442
228203
353036
173305
666382
801960
062867
764733
937101
612838
205054
401473
564225
196727
558630
506673
996634
361395
979160
488232
672850
890788
159060
279942
385621
089336
247743
879013
399384
698238
095472
880864
866029
683429
560862
874506
891158
182157
850012
028516
710653
715554
796712
350828
419063
238411
859487
271877
554393
190650
665438
618821
711675
017421
614790
859295
806801
627380
112382
479565
483830
428380
103659
132619
649593
876059
640676
739214
359715
238922
829888
138733
379326
884506
817980
882869
801957
941268
231234
186696
994671
821067
998954
082765
254050
074158
653661
395625
039825
416675
204530
747707
451505
258103
596166
877007
615030
630315
256456
437174
084671
624872
611511
715733
154592
708684
614633
248415
251107
145935
754736
355440
858143
879659
210781
297340
873118
732522
898728
487582
265308
926641
619058
940145
896959
246064
134673
531190
940060
165765
533116
766217
067844
604512
583008
255356
203625
163647
179612
066835
575087
568406
238075
476151
259294
821416
484661
863931
796579
890158
586519
883511
199234
798682
682147
355193
199431
182612
282736
758715
617820
744757
315191
714783
657909
448270
019238
174469
143633
951059
693898
323907
212137
841720
732352
446740
691203
026859
560863
491564
672761
542590
567402
648518
578205
540117
924604
841893
229798
802869
845330
838408
422419
023390
263941
541641
148279
884929
558092
313151
606345
060517
882847
298073
567830
955137
904452
207350
683212
616782
593376
116542
324408
149535
373973
014103
123540
433546
101213
399804
336875
907007
303017
622168
022472
933187
221775
556282
725144
253781
711353
541663
017130
697214
569971
153695
320853
108986
431871
889577
772441
964359
835704
669153
237241
227669
368889
533214
199798
879364
851263
237195
101598
670166
775804
509326
696843
448150
613678
245207
395673
438609
115835
163794
187757
095901
070315
030182
953853
819761
921820
405501
737058
958056
578869
578060
767176
197145
476629
524543
254919
896783
437660
164382
348309
098980
621800
875371
393152
888460
960205
191473
155690
302132
730473
550386
316277
211434
609242
910218
829039
895023
657649
110282
991673
157728
157292
144767
875024
558928
040698
984485
177819
936427
638031
796678
608448
266227
845796
902989
510192
420571
312188
875331
697649
079460
323350
761754
896756
043590
049260
926471
868293
239693
905064
074321
947639
467021
184449
505028
927300
094053
263460
051814
753314
942193
646920
244825
410180
894388
186217
962915
245827
359648
762437
618291
285265
439332
127276
082196
611724
573276
938981
992388
597627
205223
980782
524702
090877
875455
332131
971758
299506
774486
623942
032344
470489
006704
126376
528448
777785
814895
682542
200810
259958
820880
036704
300986
640945
591287
068215
803291
372733
835610
032304
218616
900778
723165
795441
804661
052789
782845
029798
570791
587203
726360
970742
869469
937924
680718
905088
136711
601846
012395
520296
756180
522502
541153
654453
123047
629448
565239
492506
073890
901164
867057
796442
885126
215298
757344
670506
941321
997663
347218
740085
738003
932123
803076
661725
809235
156758
113205
544431
251708
556807
720259
715084
727706
645127
350851
886075
354736
099237
555602
100890
953370
105903
585878
009665
164780
117772
171682
254027
747673
843631
093340
456093
271515
765324
208221
369240
784772
203368
903292
917627
846983
602046
398681
364731
388055
243009
589453
404070
728896
042233
847300
202651
543707
976794
877702
410432
862889
373566
953396
724762
093017
150770
335576
566189
873527
895414
781729
415125
266411
284936
156819
028154
213513
813484
932956
081478
163442
516880
541272
580261
754180
028026
313392
757578
667489
091001
296849
376918
557524
257044
851632
828726
870953
011829
550789
305889
611217
658094
767521
310961
039722
694119
900203
860091
437495
457578
835168
397812
783566
531717
574237
372499
189344
921746
817875
949449
443547
439273
596472
143446
732462
259375
233001
141000
756914
447967
619819
883160
343792
785680
212889
348436
880928
239826
866109
576958
484183
953413
021148
335576
838678
824497
251118
400111
398533
098243
333394
034332
722420
401106
845934
849062
196438
609454
483752
630708
178091
178793
298310
745702
337883
328276
316169
683841
887321
535085
128310
895474
839351
924824
607353
058172
462018
067441
024779
624027
262758
991215
418093
529993
201161
810532
361871
021645
755514
727494
711599
463173
917646
172970
968389
160698
198641
085463
505063
701901
481884
653489
094070
411553
831267
166686
364592
136692
154615
641494
522589
793053
266961
830214
292421
373660
200477
791440
290458
297993
545200
191793
307279
259636
057834
121979
934609
956979
936580
978867
567634
930011
271412
242960
521907
196946
874178
280952
330629
110173
665756
493680
797507
716370
169900
996843
289955
510828
478815
005871
128287
448518
931566
769200
864831
029574
558332
801186
290432
563469
906086
463658
302882
548946
199573
323317
926675
673695
070713
764250
705638
759961
501098
454312
945902
483263
407905
200423
032511
958012
894653
042399
602485
014805
992526
060429
141766
884294
312754
844903
135078
124073
711666
964543
298885
208299
932479
248123
717217
825487
375232
419367
169538
069255
312815
568395
292285
776921
547785
635464
805695
419403
278063
398148
831848
606917
823494
209493
857697
969422
450454
935884
479045
311475
551253
248172
754656
571762
971956
962391
352662
364054
605226
808732
046388
635754
185526
436981
977666
053129
254635
046195
272854
367172
910237
168707
008944
004632
881815
798532
372699
927065
604305
313875
697688
359225
845756
196760
508705
486479
811803
821653
387355
359315
821305
862235
668298
541223
039572
893719
531482
062199
139825
081296
565393
261130
776624
752333
666460
448431
187802
330897
014960
150556
183541
481583
426987
344341
630077
734779
165943
526901
127394
617625
480623
220488
934943
073498
234087
112425
525716
728897
611767
794227
243585
824806
962098
872267
031360
553492
281271
708044
724648
737822
738973
640616
374054
870680
152603
058686
268134
554196
788377
849498
772619
091114
165022
657251
800852
465259
392115
618822
196472
872257
782868
825499
708578
374506
079818
999323
233379
650293
525277
240007
141998
281553
143636
555441
180592
409188
066672
033316
964629
039304
531025
462281
137461
269181
370691
009185
199912
997676
214760
705141
975106
680831
808636
811724
548782
624404
307099
003408
100707
813672
183738
130791
377114
236052
824855
939526
617265
216014
247503
684163
582743
973939
210185
840426
812209
216954
824236
280301
461806
762138
993283
520874
856125
102504
181600
305896
426165
981189
946304
445215
728493
880734
298350
788287
881367
128060
869676
840480
319583
107685
802893
842455
069661
291471
272414
346086
135346
576396
826743
855023
140182
053836
984833
615260
547211
796560
525526
261438
898805
393316
995733
970740
923482
629762
120539
529191
778604
696647
446825
220278
030970
370237
237747
277532
579637
718388
634263
448537
256875
788006
897052
981125
173605
764114
265424
827691
208261
076687
273666
891277
791319
417201
902508
776124
708244
424166
790696
441090
451108
870302
381362
513561
476941
071954
298821
244551
428751
826007
403327
574296
910789
351315
097909
799808
864705
313421
483433
805705
817209
605857
197263
404987
052480
878323
123960
359593
418445
914692
466157
692146
177625
882936
484766
145413
665792
136004
309763
570068
103391
272516
526022
914495
127381
278808
149274
871241
074839
303602
910162
292408
796701
300487
108312
173686
622177
836040
561073
584899
884284
348673
224462
378319
749369
272016
112236
821852
335739
436771
649657
680845
507251
002630
856805
057275
767842
824326
952919
164291
823654
863292
475589
022185
873440
729539
078843
239890
316438
659183
264414
175869
295587
856044
288803
516606
853600
593788
492916
251564
660137
884612
374980
221753
146946
870736
389414
186051
373965
686433
314739
822950
310723
205654
316200
782769
143516
886491
950598
361508
033588
585442
752146
852244
053276
333585
499755
614517
490271
843993
459479
669752
733542
019021
640767
180078
864670
552389
752885
702913
911362
694117
411300
418801
950726
215437
424943
225053
841687
006339
252019
153212
378978
468987
308209
485436
194229
472462
802908
326739
253532
926994
387026
155528
102908
818728
747438
360960
953016
329767
970042
539281
678146
574637
776494
493778
747445
054461
109858
882096
479456
677743
629640
261100
682811
886699
473674
502543
973232
935144
155309
365246
285785
725084
313445
638060
316451
191561
378008
347475
640094
202290
383345
480471
026133
727664
228487
038842
594197
000855
541433
628512
802528
274131
723015
214556
850984
803725
346873
761143
359186
929617
175216
629851
359126
599562
890050
902987
526475
552172
708173
054337
905023
119751
010957
405634
937231
733260
147821
080130
597493
094422
769048
486417
421128
160969
611540
306232
094702
913441
326178
153052
698257
700295
717285
323004
287026
307253
849032
201990
150649
914406
097775
751457
312492
504046
385077
417703
503327
845927
200874
630392
942997
093688
844529
010507
260304
990533
430250
292509
198819
908613
754000
092955
313595
926611
534186
016206
893360
733740
573904
327295
893930
471348
828337
741315
394323
203640
874097
870730
542144
479644
765740
833193
293937
387926
184856
582899
375234
860988
150765
237293
202187
502770
850159
743311
988051
738253
596327
782990
595518
528824
781973
727729
725200
236937
746748
056526
286611
409900
830687
602840
496170
451762
874732
714257
600641
360137
868171
062839
599611
317627
547740
210093
033045
111444
652639
537146
966753
747318
413183
825263
320485
595732
131337
157285
884615
842382
168822
176427
489462
212567
516755
648820
616382
621071
255532
427790
537609
116727
773792
083586
830270
198947
175202
859617
718203
234084
625433
887817
443060
667595
049579
401388
797761
024937
007488
142600
277363
708781
351796
830422
624631
791819
563048
020242
291889
695408
486104
797343
394476
312081
460207
274626
231724
408718
548141
898653
876702
753675
465898
664682
793908
841199
857650
217553
904798
723600
683627
939434
842192
806203
806965
976366
985087
811022
953277
551309
108344
626108
493066
880279
494748
623908
687172
408973
825193
191998
753173
980497
848451
923295
951703
962867
681813
438571
849223
967461
059366
278786
208489
037664
719474
298946
676918
577120
534382
265690
852355
335540
646416
278984
360619
156529
508835
832405
648838
952118
678041
976395
915513
096784
970702
971095
533976
065115
513504
572381
575858
165006
793883
729176
572716
190000
010506
852973
710080
053670
971802
691272
875201
320561
428692
381897
632352
582961
764527
096201
963533
520497
235651
231265
277010
774628
005166
479523
329759
680792
167592
018702
187917
040648
704123
389141
633767
037358
491079
074348
587512
462710
801579
682420
137053
164713
352296
928978
458905
171713
087636
502422
716692
035422
246177
865872
564303
916375
489115
141539
096298
597110
462151
112412
432804
207433
261872
777105
811453
969044
668145
102781
283570
590093
859600
407361
736009
008974
217769
198307
032061
722197
851388
357464
292129
392833
312998
972227
609406
394951
574888
580171
836516
990437
429142
650318
632537
565741
884721
988188
649943
826693
094576
812005
036560
838157
715040
006671
454945
903713
103023
148809
500086
329120
398979
006461
103519
930540
026063
235436
596017
694215
716729
549719
038484
229111
720332
969037
587111
151290
637835
849075
236444
169446
184258
147028
198808
690728
151148
337823
095206
796103
103927
352577
536642
760036
961371
105729
220588
875010
012375
110946
381790
597899
779481
423003
941342
413346
766385
676426
206725
381381
569418
155822
580344
417804
768919
532329
751588
339936
016953
766349
998218
240816
596178
221081
155081
825084
230556
393573
671913
814678
907125
574682
351234
155439
556681
255719
088203
091985
092763
102000
642301
573432
237939
628806
018799
101582
367904
459170
369737
732799
079894
915450
345084
588574
945672
708839
380122
277355
595034
400000
246231
424630
860068
923127
028758
091841
758145
527447
763075
107588
236972
035351
318713
902834
767151
388635
971159
047963
723080
635900
596861
541785
657117
828231
201979
004120
348160
366022
884308
770959
070305
820696
479751
161736
755757
207698
427392
004538
016944
935797
920202
777824
654159
118025
272150
729563
087732
929468
138560
867128
459435
719718
111885
512815
879703
528745
349476
519160
430887
163007
997137
351461
966251
281882
177750
219602
248464
914142
168867
266145
406717
739000
766350
534843
977732
132891
552946
027479
901262
092087
868304
754802
723918
761296
078937
666548
255302
592049
316445
473510
443460
637025
939181
410941
516557
145584
915431
713524
266764
628078
643314
154721
894413
734612
729353
157213
228078
552673
465744
331556
600655
059796
700509
970636
037171
289369
019987
507324
505347
374262
712272
560067
105355
699399
844463
092855
689601
333328
788292
582655
983331
392065
054504
005143
302189
340274
810639
949064
270716
028014
517848
892614
599426
215343
407197
636360
286816
904979
388650
038113
865636
763582
421460
030838
358733
853743
686303
703667
243970
319744
209015
365000
638429
602864
964094
995814
359789
267693
778246
361794
298486
334984
482885
583856
801411
449928
173053
491037
637231
468660
630125
860238
159248
929395
132418
932037
228878
231098
886335
105468
242647
783706
930477
008337
966790
854525
065970
656615
681415
878823
050389
641506
211807
707719
279408
639441
154353
123441
903213
053413
905031
242011
923687
166182
306080
846693
390553
442347
560766
218040
320740
570997
429171
297557
076153
141075
327587
807515
120655
457195
040742
634241
112219
409050
386420
359437
734653
110302
843121
603670
122469
204164
608254
786480
474884
120190
307121
809050
237303
581744
786873
887165
618833
578856
448786
264649
923038
867520
417667
711164
668749
383436
200156
078593
642527
531451
517371
706588
559210
114553
794065
650662
490035
809727
326150
333474
358950
116714
304447
853271
461782
146537
181809
917994
030558
766215
206511
859636
220174
426627
787509
340730
326702
938960
953135
583724
928516
675193
872465
950600
285381
597721
790798
983763
413236
929386
100880
424250
516058
115612
746945
130622
438678
431312
425530
210920
257991
287344
083768
252496
580821
347839
190146
522332
620380
064714
696736
668390
655339
310038
961356
551726
705102
361904
376340
534109
144784
251953
755482
200800
825814
198757
328113
623407
132276
945733
081486
386467
055907
535329
561651
508091
949403
973871
062731
870062
946140
925808
339115
939938
575979
625348
275386
277407
562071
373673
437204
646376
307165
033547
420428
375530
572328
532651
539221
999150
921256
394846
043955
945840
369607
811467
687273
951853
130305
360289
647301
882469
688479
826332
532085
350768
280101
571211
855281
050010
903958
977897
667105
553141
747482
389872
290397
984227
480453
580933
820691
925671
310864
331852
152403
722811
465996
685082
818218
475966
511406
274608
091764
092441
682784
813936
209584
148324
528880
720785
680062
517776
002004
289140
775978
282494
417463
877156
672578
960511
802978
710531
134550
009536
055234
056623
171132
988010
711986
778762
126398
887958
761981
005874
492216
425248
846070
190232
514790
119398
508097
277011
969851
848587
890552
723419
514063
968258
904070
535579
642794
469535
686730
940952
545000
113302
956868
910838
741916
911003
542979
752917
154183
183264
800071
607629
243982
903778
920338
778288
794332
095761
038124
521982
451000
966372
464933
347146
907112
759844
827371
170177
534546
385837
537100
267255
010968
716097
858619
489094
735715
969394
751474
236053
555539
300194
844028
593870
931037
832347
047606
366378
054324
005137
546508
841498
811159
692435
963906
586246
099745
125307
953536
293569
573715
491469
975747
071400
427015
746171
460221
208644
326794
638957
357046
404470
751365
505206
944945
614960
334735
136118
501669
930730
275147
910849
901537
092092
771341
661070
285585
323797
068123
420634
171477
005235
441510
733382
117291
806725
372344
842822
300608
068720
634803
838573
412705
476270
773593
678912
330729
901194
907245
829771
878270
620461
553794
496593
105638
160984
297207
491076
581993
220814
189029
659572
248072
274118
804795
817442
006567
371906
912355
724842
573803
688919
662305
992773
609440
485206
028045
744531
202718
847522
352037
350550
609593
718657
556767
351077
631509
214225
146500
497736
083169
023686
436933
650530
145805
765551
320081
088074
079840
194482
881401
361054
582956
106227
774578
550457
849334
506760
376748
200384
705594
161844
788188
735590
318970
576170
059210
525290
578945
843743
278079
566544
495690
772165
914649
037000
137120
548123
290425
589890
816942
131302
080704
782792
226295
100950
797369
088491
070091
123942
719310
775976
591519
686357
496552
745828
481393
472237
932177
073313
527949
106252
850607
743198
303133
154538
111201
756239
906752
136481
919821
542195
255308
061641
617742
396293
219556
447754
487155
653567
485912
331640
264599
067332
517262
592014
465932
877352
849231
840899
843121
361822
939892
669279
332236
638925
609226
440809
248798
640517
053056
553099
386756
524565
154279
682068
181600
814103
396286
793452
968099
868045
727343
803735
625048
119395
672943
114327
571220
470590
690225
753881
146765
304185
386787
552257
660446
828154
574498
332656
582792
514295
822117
034707
875587
614181
081943
082850
304405
503474
875582
554442
939311
610358
169021
218397
896028
485566
577426
470991
745758
299440
840502
339158
389411
415051
503705
594311
905134
760003
909894
402976
980913
268953
559901
444189
709897
427470
376910
478017
367703
525746
349180
741954
715634
848059
652759
769615
565761
488317
072421
677211
596900
888859
633565
247899
629254
291773
943061
920571
474415
108836
398853
742150
161575
531982
320014
461206
641011
038651
827846
923016
277108
219695
559821
762398
328832
557682
348858
309216
274283
768595
525983
743261
110928
266250
372701
192874
576039
156812
690172
642999
744589
491943
611028
173105
618953
215548
305113
129029
166777
943660
627244
453606
132084
484849
026423
763703
835449
209043
279266
019742
571065
260394
105296
200388
694555
018112
269054
720315
397544
554973
891659
779420
675389
499224
295895
993538
846267
637394
034591
985355
416029
611592
058789
416673
289743
246096
467496
158740
701339
461523
440511
717915
367888
512669
139556
958204
602510
502505
532538
862667
819110
917807
693995
069006
898494
959188
414924
774355
415277
159703
759916
507103
820638
384125
224224
586202
915716
827317
280629
370715
116654
863835
856530
194615
418686
239200
210558
488851
281831
338426
154132
000053
440356
324464
588482
854532
362504
054670
693958
950149
664707
900345
648600
275690
629029
512503
643934
361222
996340
541839
476756
351982
282017
673302
524880
778876
723926
444803
506198
840298
308913
749269
781491
552663
297365
943682
469044
113287
924211
761849
095478
185099
303448
143583
129126
369723
473775
283397
255303
361922
635934
808917
870044
504469
741206
881237
486907
812253
301687
075859
983585
074087
015287
447163
719742
209191
656055
545150
696611
149688
275272
288590
773936
654120
335071
922251
378754
960707
297555
956058
623627
369521
627793
014486
387273
207354
281420
549814
074492
708210
261940
700187
051749
309189
674300
050773
168458
365594
357686
649832
762741
769663
878217
896355
312132
260204
808613
795631
442072
638310
855879
946348
928409
651149
617765
108169
564576
390459
571851
087367
280162
071182
604042
224906
757229
983833
793376
663515
158789
282145
873879
081823
873919
940101
224198
460824
385686
408465
959056
478203
175329
397749
313438
793722
878002
185735
026404
714078
681954
724450
003077
402835
610631
474208
077487
435097
100597
953256
511858
440022
078864
377264
639770
699384
718628
988737
499431
854999
395004
215801
431626
447697
513462
350185
139658
447202
448539
869336
685598
456792
084193
654826
400078
116181
971264
250402
580405
117777
970812
159060
890142
356938
287458
183247
744735
135002
265728
184768
261964
607812
364137
274815
766266
915934
763696
088459
926865
311742
041896
247999
916228
102304
967229
313090
456060
891609
089508
034798
735279
906211
966196
253678
251638
645449
994125
543338
742679
540002
659342
502206
591104
006992
589563
774815
884534
230669
578686
198293
832606
184899
624021
526735
281593
502562
245936
786423
461218
691433
870872
970526
547821
072179
205265
380519
310025
297598
196807
446575
558549
690811
732100
418540
585539
298573
651701
141692
315047
466044
897327
695923
377029
666074
391792
373675
393078
516298
956728
688511
642913
667707
494742
601292
133210
051462
763696
586611
138485
728532
329446
332430
458380
245978
783756
611556
173940
583028
121881
412277
906751
112218
927260
558267
118811
916366
880674
526732
421634
932964
140368
330784
293070
226667
526957
617830
554897
680094
812497
519741
529764
988803
532729
694985
641288
992239
217485
932575
725615
147842
697483
238165
336266
953709
329069
636406
489707
452707
498482
993967
993036
189212
264537
384685
623681
350089
334861
023797
657521
644489
353482
870197
965013
020213
016232
206381
636046
521332
539409
581269
110638
642139
000420
523385
799003
502278
576427
092884
851858
636458
572063
741223
459922
390577
378039
690904
042969
689688
554597
233624
698086
479765
983229
398969
692054
963295
948967
972675
085354
552068
536333
321009
676016
245316
986516
984936
198051
000894
637160
147185
341105
470659
142575
586468
317423
171804
673004
201328
887421
377526
662822
981027
470504
575688
644467
821254
466742
531403
331368
082113
126495
533242
456452
354229
114764
714967
327423
177736
743712
112869
117275
330986
133971
917002
540245
544608
843200
453281
895703
803984
827076
818104
746995
506066
891418
887241
349225
176459
877041
724886
386706
603145
299292
192159
037653
790016
874579
071442
955043
693560
836623
198328
840914
277755
820696
348064
723923
631663
040944
050028
752605
790321
487253
064124
718956
847198
347458
346528
852300
493471
872431
247071
705623
250002
928438
073850
028388
669923
221293
993498
171084
045105
280826
689380
021632
185866
204688
648275
982564
272003
648772
664688
232404
093875
455021
630880
671457
516426
963802
627815
733100
255250
491148
256610
349654
220926
614539
543963
975611
886639
731382
014358
